16
149
0(122.42087,103), 1(122.42087,103), 2(122.42087,103), 3(122.42087,103), 4(122.42087,103), 5(122.42087,103), 8(122.42087,103), 10(122.42087,103), 11(122.42087,103), 12(122.42087,103), 13(122.42087,103), 14(122.42087,103), 15(122.42087,103)
1(133.45423,120), 3(133.45423,120), 4(133.45423,120), 5(133.45423,120), 7(133.45423,120), 8(133.45423,120), 10(133.45423,120), 12(133.45423,120), 13(133.45423,120), 14(133.45423,120)
2(11.78366,49), 3(11.78366,49), 6(11.78366,49), 9(11.78366,49), 11(11.78366,49), 12(11.78366,49), 13(11.78366,49), 15(11.78366,49)
0(43.95926,21), 1(43.95926,21), 2(43.95926,21), 6(43.95926,21), 7(43.95926,21), 8(43.95926,21), 9(43.95926,21), 10(43.95926,21), 11(43.95926,21), 12(43.95926,21), 14(43.95926,21), 15(43.95926,21)
0(92.00314,74), 1(92.00314,74), 2(92.00314,74), 3(92.00314,74), 5(92.00314,74), 7(92.00314,74), 8(92.00314,74), 14(92.00314,74)
2(40.30541,70), 4(40.30541,70), 5(40.30541,70), 6(40.30541,70), 8(40.30541,70), 9(40.30541,70), 10(40.30541,70), 11(40.30541,70), 12(40.30541,70), 14(40.30541,70)
1(106.54419,93), 4(106.54419,93), 5(106.54419,93), 6(106.54419,93), 7(106.54419,93), 9(106.54419,93), 11(106.54419,93), 14(106.54419,93)
3(70.5888,18), 4(70.5888,18), 7(70.5888,18), 8(70.5888,18), 9(70.5888,18), 12(70.5888,18), 13(70.5888,18), 14(70.5888,18), 15(70.5888,18)
0(143.37449,35), 1(143.37449,35), 2(143.37449,35), 3(143.37449,35), 4(143.37449,35), 5(143.37449,35), 6(143.37449,35), 8(143.37449,35), 9(143.37449,35), 10(143.37449,35), 11(143.37449,35), 12(143.37449,35), 14(143.37449,35)
0(37.67604,53), 1(37.67604,53), 2(37.67604,53), 3(37.67604,53), 4(37.67604,53), 5(37.67604,53), 8(37.67604,53), 10(37.67604,53), 12(37.67604,53), 13(37.67604,53), 14(37.67604,53)
1(60.52528,13), 3(60.52528,13), 5(60.52528,13), 8(60.52528,13), 10(60.52528,13), 11(60.52528,13), 12(60.52528,13), 13(60.52528,13), 14(60.52528,13)
0(81.29733,41), 9(81.29733,41), 10(81.29733,41), 12(81.29733,41), 14(81.29733,41)
0(148.04531,17), 3(148.04531,17), 7(148.04531,17), 8(148.04531,17), 9(148.04531,17), 12(148.04531,17), 15(148.04531,17)
4(97.39122,1), 5(97.39122,1), 7(97.39122,1), 9(97.39122,1), 10(97.39122,1), 11(97.39122,1), 12(97.39122,1), 14(97.39122,1), 15(97.39122,1)
0(17.00226,108), 1(17.00226,108), 3(17.00226,108), 5(17.00226,108), 8(17.00226,108), 10(17.00226,108), 12(17.00226,108), 13(17.00226,108), 14(17.00226,108), 15(17.00226,108)
0(78.66931,95), 1(78.66931,95), 4(78.66931,95), 6(78.66931,95), 10(78.66931,95), 12(78.66931,95), 14(78.66931,95)
