16
67
1(3.7454,17), 2(3.7454,17), 4(3.7454,17), 6(3.7454,17), 7(3.7454,17), 8(3.7454,17), 9(3.7454,17), 10(3.7454,17), 12(3.7454,17), 14(3.7454,17)
0(55.16272,0), 3(55.16272,0), 4(55.16272,0), 6(55.16272,0), 9(55.16272,0), 11(55.16272,0), 12(55.16272,0), 13(55.16272,0), 14(55.16272,0)
0(49.7421,1), 3(49.7421,1), 4(49.7421,1), 5(49.7421,1), 8(49.7421,1), 10(49.7421,1), 11(49.7421,1), 13(49.7421,1)
1(63.3415,45), 2(63.3415,45), 4(63.3415,45), 7(63.3415,45), 9(63.3415,45), 11(63.3415,45), 13(63.3415,45), 14(63.3415,45), 15(63.3415,45)
0(61.29427,31), 1(61.29427,31), 2(61.29427,31), 3(61.29427,31), 6(61.29427,31), 7(61.29427,31), 13(61.29427,31), 14(61.29427,31)
2(26.97293,16), 7(26.97293,16), 8(26.97293,16), 9(26.97293,16), 10(26.97293,16), 11(26.97293,16), 13(26.97293,16), 14(26.97293,16)
0(15.64295,39), 1(15.64295,39), 4(15.64295,39), 8(15.64295,39), 9(15.64295,39), 11(15.64295,39), 12(15.64295,39)
0(51.83552,2), 3(51.83552,2), 4(51.83552,2), 5(51.83552,2), 8(51.83552,2), 12(51.83552,2), 13(51.83552,2), 14(51.83552,2), 15(51.83552,2)
0(28.04907,58), 2(28.04907,58), 5(28.04907,58), 6(28.04907,58), 7(28.04907,58), 10(28.04907,58), 12(28.04907,58), 13(28.04907,58), 14(28.04907,58)
0(14.66571,14), 1(14.66571,14), 3(14.66571,14), 5(14.66571,14), 6(14.66571,14), 10(14.66571,14), 13(14.66571,14), 14(14.66571,14), 15(14.66571,14)
0(39.00773,21), 2(39.00773,21), 5(39.00773,21), 8(39.00773,21), 9(39.00773,21), 13(39.00773,21), 15(39.00773,21)
1(27.1633,46), 2(27.1633,46), 3(27.1633,46), 5(27.1633,46), 6(27.1633,46), 13(27.1633,46), 14(27.1633,46)
0(17.42466,6), 1(17.42466,6), 6(17.42466,6), 7(17.42466,6), 8(17.42466,6), 14(17.42466,6), 15(17.42466,6)
1(2.68831,13), 2(2.68831,13), 3(2.68831,13), 4(2.68831,13), 5(2.68831,13), 7(2.68831,13), 8(2.68831,13), 9(2.68831,13), 10(2.68831,13), 11(2.68831,13), 14(2.68831,13)
0(49.73686,5), 1(49.73686,5), 3(49.73686,5), 4(49.73686,5), 5(49.73686,5), 7(49.73686,5), 8(49.73686,5), 9(49.73686,5), 11(49.73686,5), 12(49.73686,5), 13(49.73686,5)
3(49.21622,30), 7(49.21622,30), 9(49.21622,30), 10(49.21622,30), 12(49.21622,30)
