16
72
2(40.13364,71), 3(40.13364,71), 5(40.13364,71), 6(40.13364,71), 7(40.13364,71), 8(40.13364,71), 9(40.13364,71), 11(40.13364,71), 12(40.13364,71), 15(40.13364,71)
2(63.04693,10), 3(63.04693,10), 5(63.04693,10), 6(63.04693,10), 9(63.04693,10), 10(63.04693,10), 12(63.04693,10), 13(63.04693,10), 14(63.04693,10), 15(63.04693,10)
0(18.04898,1), 1(18.04898,1), 4(18.04898,1), 5(18.04898,1), 6(18.04898,1), 8(18.04898,1), 9(18.04898,1), 15(18.04898,1)
0(20.16545,56), 1(20.16545,56), 5(20.16545,56), 7(20.16545,56), 8(20.16545,56), 11(20.16545,56), 13(20.16545,56), 15(20.16545,56)
2(2.53707,34), 5(2.53707,34), 7(2.53707,34), 8(2.53707,34), 9(2.53707,34), 10(2.53707,34), 12(2.53707,34), 13(2.53707,34)
0(54.11304,46), 1(54.11304,46), 2(54.11304,46), 3(54.11304,46), 4(54.11304,46), 6(54.11304,46), 8(54.11304,46), 9(54.11304,46), 10(54.11304,46), 13(54.11304,46), 14(54.11304,46)
0(17.9165,67), 1(17.9165,67), 2(17.9165,67), 5(17.9165,67), 8(17.9165,67), 12(17.9165,67), 13(17.9165,67), 15(17.9165,67)
0(4.29932,8), 3(4.29932,8), 4(4.29932,8), 8(4.29932,8), 9(4.29932,8), 10(4.29932,8), 11(4.29932,8), 12(4.29932,8), 15(4.29932,8)
0(14.29251,4), 2(14.29251,4), 3(14.29251,4), 4(14.29251,4), 5(14.29251,4), 6(14.29251,4), 7(14.29251,4), 9(14.29251,4), 10(14.29251,4), 11(14.29251,4), 13(14.29251,4)
0(40.91947,1), 1(40.91947,1), 2(40.91947,1), 4(40.91947,1), 5(40.91947,1), 7(40.91947,1), 8(40.91947,1), 10(40.91947,1), 12(40.91947,1), 14(40.91947,1), 15(40.91947,1)
1(47.83939,4), 4(47.83939,4), 5(47.83939,4), 7(47.83939,4), 8(47.83939,4), 9(47.83939,4), 13(47.83939,4)
0(55.92308,37), 3(55.92308,37), 7(55.92308,37), 8(55.92308,37), 12(55.92308,37), 13(55.92308,37), 14(55.92308,37), 15(55.92308,37)
0(14.97197,55), 1(14.97197,55), 4(14.97197,55), 6(14.97197,55), 7(14.97197,55), 9(14.97197,55), 11(14.97197,55), 13(14.97197,55), 14(14.97197,55), 15(14.97197,55)
1(30.9489,43), 3(30.9489,43), 4(30.9489,43), 5(30.9489,43), 6(30.9489,43), 8(30.9489,43), 10(30.9489,43), 11(30.9489,43), 12(30.9489,43), 14(30.9489,43)
1(35.17343,63), 5(35.17343,63), 9(35.17343,63), 11(35.17343,63), 12(35.17343,63), 13(35.17343,63)
0(17.45447,22), 1(17.45447,22), 2(17.45447,22), 3(17.45447,22), 6(17.45447,22), 7(17.45447,22), 9(17.45447,22), 11(17.45447,22), 12(17.45447,22)
